len:132,type:1	533
len:134,type:1	1319
len:133,type:1	8947
uid	624339
UpdateAntiAddictQueuePacket	11528
UpdateQuestStep	624339
]	11528
100450202	134
	1115750
50620202	110
113760202	116
108210202	126
118040202	124
111280202	170
16290202	116
116990202	114
85840202	105
106210202	117
23140202	115
96670202	117
26620202	176
:	57146
77990202	109
112760202	103
94190202	159
108190202	101
Free	10514
132190202	163
]	3585
107440202	127
100680202	131
111760202	114
113990202	112
{	917
119520202	146
107190202	102
98200202	129
57360202	103
9580202	110
10060202	103
21140202	112
79270202	124
43300202	121
117520202	124
110760202	106
106190202	126
97200202	147
45280202	149
71760202	119
103210202	144
19300202	130
105440202	277
18050202	110
127600202	140
22370202	108
108920202	112
114040202	128
125120202	138
118750202	113
46760202	123
108670202	140
119750202	117
102210202	137
106920202	102
12770202	112
23850202	103
40050202	116
104440202	107
117750202	102
43280202	120
100210202	130
97430202	195
76270202	112
111040202	102
103440202	129
31450202	129
Player::Destruct():	3327
105670202	121
116750202	236
114270202	124
83120202	102
102440202	106
113520202	109
101190202	142
112270202	112
99660202	111
51360202	115
104670202	130
Remove	666
102190202	106
71040202	136
45990202	104
98910202	123
103920202	135
41760202	115
100190202	159
111270202	131
98660202	139
122350202	132
80120202	184
46040202	112
57120202	117
12300202	124
69200202	112
83350202	109
49270202	122
110270202	120
102670202	111
134660202	122
115980202	140
109180202	116
93430202	105
92180202	111
101920202	110
100670202	148
97890202	127
16760202	109
120350202	110
108430202	116
114980202	111
94910202	132
108180202	137
23610202	112
88110202	106
21130202	135
94660202	139
106430202	128
110750202	118
112980202	115
107430202	118
118510202	141
117260202	119
34190202	109
132660202	169
109660202	109
HandleGetUserInfoSingleResp	10799
22360202	105
114030202	189
111980202	115
119740202	130
57580202	112
102200202	119
69660202	101
62200202	106
104430202	132
54600202	114
117740202	216
99170202	142
29120202	111
104180202	141
109890202	151
101200202	109
105910202	113
118490202	123
103430202	139
114510202	126
31440202	128
9100202	169
116740202	104
14990202	106
49030202	130
106660202	210
HandleBackChargeMoney	13679
119970202	110
99900202	142
96170202	124
102430202	135
113510202	115
30440202	160
41520202	130
21590202	101
ptim:	323
102180202	108
113260202	144
30190202	101
115490202	125
95420202	138
111510202	242
112510202	127
100180202	126
111260202	123
103660202	114
12990202	214
112260202	104
70030202	127
105890202	133
44980202	134
17270202	164
96650202	112
102910202	266
66890202	108
110260202	125
102660202	133
99880202	115
18750202	104
104890202	150
135650202	184
14520202	157
79020202	112
76970202	104
122820202	191
74490202	101
111490202	126
117020202	176
128100202	118
103890202	116
9560202	102
58340202	166
100910202	131
24600202	116
110740202	103
11040202	101
15750202	103
54110202	114
107420202	116
24350202	105
121570202	115
102890202	117
113970202	124
93900202	117
118250202	112
35180202	103
73970202	203
20120202	154
33430202	107
108900202	116
114020202	101
42030202	107
89080202	156
106420202	102
116250202	121
112970202	162
[Accept	153
81570202	103
99410202	108
47490202	103
104420202	103
10270202	104
94880202	151
13750202	118
99160202	164
115250202	102
32180202	128
100890202	134
91900202	109
105170202	131
85100202	134
109880202	124
TaskId：108	13516
98410202	108
46490202	109
103420202	119
44740202	103
55820202	106
66900202	167
79480202	110
103170202	155
31180202	159
53340202	116
106650202	145
45740202	105
67900202	132
44490202	111
108880202	160
119960202	115
121100202	112
102420202	125
113500202	109
99640202	131
69880202	137
111020202	118
104650202	106
115730202	174
16030202	117
113250202	143
99390202	132
105650202	121
29340202	103
107880202	117
118960202	103
46970202	138
63170202	110
85330202	102
98640202	102
104900202	117
17510202	153
114730202	120
96160202	213
119010202	111
101170202	157
61170202	118
94410202	112
53570202	131
102900202	124
94160202	114
100420202	122
111500202	134
97640202	122
102650202	175
113730202	123
99870202	141
100170202	134
104880202	123
105880202	102
116960202	201
33890202	179
44970202	117
NewNpc	1152
23110202	108
96640202	116
108410202	110
112730202	110
98870202	132
117010202	113
110250202	117
103880202	109
109410202	133
96390202	110
120080202	107
77010202	112
73730202	109
22110202	108
107410202	224
100650202	142
132640202	107
38900202	103
116010202	148
102880202	123
113960202	111
82810202	134
59810202	108
38650202	118
49730202	149
pack	11528
12510202	118
110730202	114
14490202	104
112960202	115
40970202	121
58810202	155
110480202	101
109640202	138
119470202	130
99400202	138
81560202	103
39880202	112
94870202	173
113010202	126
18020202	107
33420202	106
107640202	110
100880202	102
111960202	111
people:1	108
107390202	136
76240202	106
20340202	121
66160202	130
98150202	240
104410202	140
28100202	103
103160202	138
104160202	160
115240202	124
73010202	131
32170202	125
53080202	117
97400202	102
99630202	135
11740202	103
111010202	144
103410202	130
102160202	132
113240202	114
116720202	139
65640202	103
118950202	102
52080202	116
85320202	113
96400202	166
87550202	112
40500202	126
98630202	102
15020202	104
53810202	181
51330202	108
98380202	127
104640202	154
10490202	102
115720202	126
32650202	128
103390202	110
104390202	129
137630202	103
30900202	114
86550202	139
90870202	102
102640202	116
29810202	106
100160202	230
8310202	171
103640202	121
102390202	114
63640202	117
18480202	156
85800202	175
61160202	114
38160202	176
101640202	122
112720202	111
98860202	116
10970202	103
110240202	138
121320202	176
96380202	121
101390202	174
99860202	147
81320202	125
115950202	170
13500202	114
95630202	182
54790202	121
107400202	200
111720202	124
97860202	115
16730202	153
102870202	126
25330202	109
108150202	131
29790202	151
57070202	116
49470202	110
96860202	159
15730202	115
117230202	104
121550202	123
90400202	118
58550202	145
105400202	143
33410202	107
player	9387
107630202	120
100870202	122
111950202	112
35640202	106
120550202	151
25560202	115
107380202	139
27790202	115
108380202	119
40010202	148
113000202	167
106630202	129
117710202	105
110950202	134
117460202	111
45470202	133
60870202	111
22810202	174
89540202	106
63400202	113
116710202	106
14960202	158
19240202	139
105380202	111
66630202	116
108860202	110
119940202	101
77710202	105
47950202	121
110000202	151
85060202	115
15010202	101
51320202	141
104630202	125
39400202	141
102150202	119
117940202	117
104380202	127
97620202	115
111230202	118
98620202	139
46000202	138
50320202	108
103630202	101
98370202	157
122060202	113
96620202	125
112710202	104
13010202	151
102630202	126
113710202	104
99850202	187
104860202	160
21790202	103
102380202	167
71230202	101
37150202	114
48230202	250
59310202	182
115690202	134
65860202	106
59060202	124
120310202	113
95370202	119
100380202	158
98850202	135
61630202	102
103860202	143
120060202	105
119220202	112
114690202	143
38380202	389
9280202	142
40950202	102
35400202	185
121540202	117
109620202	143
113940202	108
107140202	137
8530202	132
139130202	103
121290202	119
113690202	111
11240202	111
84770202	122
100860202	120
111940202	141
19000202	108
93370202	117
105140202	185
33150202	145
108620202	131
119700202	104
25550202	107
9760202	120
[罪天使]AddQuestMain	118
58290202	107
15950202	124
21070202	102
90620202	118
107370202	109
CheckHealthFlag	21598
87050202	107
98130202	101
103140202	116
106620202	137
117700202	128
77700202	103
36860202	113
75220202	109
79930202	125
77450202	118
99610202	124
104620202	110
115700202	101
118930202	114
35860202	117
46940202	113
CheckReachlimit	2950
101140202	114
33860202	120
103370202	108
106850202	123
94130202	153
96360202	108
77680202	116
88760202	147
99840202	142
100140202	154
104850202	110
102370202	124
99590202	122
29540202	105
74700202	106
29290202	121
98840202	120
17710202	129
108130202	116
36140202	139
98590202	197
39620202	124
Update	6852
110700202	103
92130202	119
28290202	104
100620202	130
97840202	158
JobTask	2349
96590202	206
102850202	101
37620202	111
88990202	106
18940202	107
100370202	112
113680202	141
124760202	131
48450202	101
74930202	145
93360202	144
74680202	138
96840202	156
101850202	108
106130202	108
23060202	163
16690202	111
61850202	148
108360202	103
112680202	110
92610202	105
39850202	102
110930202	131
99120202	144
104130202	122
115210202	132
107610202	198
24540202	101
110680202	130
109840202	138
26770202	107
118440202	129
111680202	105
80530202	121
57530202	121
90360202	105
109590202	158
124990202	124
12710202	118
31140202	103
34620202	142
55530202	142
25770202	104
47930202	126
117440202	118
108590202	114
119670202	148
99600202	124
97120202	150
69590202	130
115440202	164
32370202	121
130840202	104
Invalid	113
107840202	179
118920202	118
135120202	118
107590202	105
118670202	113
8980202	134
122990202	105
51300202	110
98350202	222
104610202	116
31370202	101
117920202	125
23770202	122
120990202	110
73210202	139
66840202	131
106590202	121
GetNetLoginP	14818
99830202	120
100130202	141
97350202	112
102360202	148
37130202	111
48210202	114
122040202	104
44930202	116
54760202	104
14220202	174
101610202	157
110210202	113
31850202	105
40450202	117
98580202	131
104840202	159
114670202	130
109120202	136
94600202	104
97830202	123
73190202	150
88980202	103
118200202	103
100360202	147
8510202	104
16450202	106
102590202	110
18680202	109
111190202	116
err	16232
14700202	115
82270202	101
48190202	174
63590202	101
101840202	122
117200202	103
45210202	112
109600202	115
96580202	122
37610202	102
101590202	143
[无言的叹息]AddQuestMain	112
110190202	132
119180202	121
SendGetUserInfoSingle	10799
9490202	118
99110202	105
105120202	109
60840202	139
8740202	114
37590202	128
98110202	131
57270202	117
42210202	107
12450202	101
23530202	102
115200202	150
21050202	103
79180202	117
106350202	109
109830202	106
108580202	153
70670202	123
117180202	140
90350202	106
41210202	119
99340202	198
105600202	127
11450202	132
69580202	116
107830202	130
118910202	118
13680202	111
24760202	120
99090202	178
105350202	130
116430202	175
118660202	119
116180202	102
[聆听你De微笑]AddQuestMain	135
112200202	135
129490202	151
87260202	127
104600202	101
106830202	115
23760202	125
104350202	127
28040202	126
43440202	110
65600202	124
106580202	114
121980202	102
100120202	157
128490202	115
86260202	106
90580202	115
103600202	105
116910202	109
103350202	124
113180202	108
18190202	106
105580202	105
[李嘉图梅森]AddQuestMain	1653
118890202	131
110200202	104
74180202	196
101350202	150
99820202	133
98570202	116
10680202	124
109110202	120
69110202	129
115660202	113
28270202	148
113910202	102
30840202	159
100350202	128
24040202	107
97570202	124
102580202	144
22990202	119
27270202	133
93340202	113
12210202	127
116890202	112
96820202	228
112910202	106
17920202	125
121510202	103
SendAnnounceNotify	12993
[哦老爷]AddQuestMain	1848
53980202	123
111910202	121
16920202	144
105110202	138
69090202	123
44200202	108
107340202	101
118420202	108
46430202	115
27750202	124
113890202	135
14190202	147
25270202	103
29980202	106
107090202	109
SendLoginByOpenId	11570
38580202	115
119170202	102
12440202	155
79170202	110
32120202	101
117420202	126
34350202	109
109820202	104
28980202	116
117170202	125
132570202	111
41200202	110
87020202	157
98100202	169
103110202	141
93570202	117
116420202	117
22270202	153
47910202	128
105090202	146
116170202	124
108570202	127
88500202	105
40200202	125
10440202	114
49890202	169
102110202	194
106820202	134
117900202	131
123020202	106
28030202	157
24750202	150
106570202	167
99080202	107
115170202	105
100110202	124
116900202	111
122020202	101
103340202	129
125500202	110
105570202	122
138810202	111
66820202	107
96330202	132
Queue	323
104820202	111
121020202	107
43910202	108
109100202	101
102340202	130
113420202	124
[谷胆儿]AddQuestMain	137
76900202	107
73170202	107
126480202	136
108100202	120
25030202	110
100090202	157
111170202	136
114650202	112
53740202	128
23030202	125
97810202	102
113900202	110
77880202	117
35110202	121
73900202	111
121250202	106
113650202	126
115880202	146
109080202	119
12200202	114
22030202	122
95560202	151
111650202	127
122730202	149
106100202	192
16660202	112
27740202	114
55020202	155
36340202	101
[GK5005]AddQuestMain	181
72650202	127
119160202	114
110900202	166
70170202	121
36090202	120
13430202	106
60820202	123
15660202	168
121480202	111
34090202	114
26490202	120
82730202	118
57250202	131
14910202	101
103100202	112
31110202	109
World::	216
117410202	116
72880202	846
102100202	207
99320202	103
104330202	113
115410202	118
10180202	106
46900202	108
99070202	125
104080202	148
32090202	135
107560202	202
24490202	109
[神都无感hi劲]AddQuestMain	264
HandleUpdateUserInfoBatchResp	413
44900202	102
20260202	125
106810202	130
105560202	186
114160202	166
83010202	101
42170202	114
106560202	113
75410202	115
99800202	180
11910202	133
64080202	141
104810202	137
91790202	106
10660202	112
43900202	121
77390202	125
105810202	104
Server	163
21490202	108
24970202	107
102080202	156
113160202	162
107790202	126
57960202	133
63080202	139
103810202	202
67790202	113
95070202	176
25020202	120
40420202	190
111160202	282
98550202	108
17420202	101
28500202	135
38330202	107
112160202	116
105790202	104
51250202	139
114390202	117
110410202	112
97800202	103
26500202	128
100330202	183
111410202	113
110160202	133
15170202	124
37330202	109
30570202	115
99780202	113
29730202	103
104790202	139
113390202	110
93320202	103
101810202	148
61810202	170
38810202	107
96550202	151
108320202	105
119400202	120
101560202	110
112640202	108
98780202	113
103790202	120
9460202	137
62560202	140
15900202	120
100810202	163
121720202	115
22020202	117
109800202	164
107320202	107
100560202	147
35330202	113
110390202	128
27730202	118
109550202	114
102790202	141
113870202	143
130070202	111
107070202	119
8460202	109
111390202	124
31100202	129
23500202	112
63790202	130
108800202	128
25730202	132
36810202	135
50960202	142
77400202	135
112870202	122
106070202	109
99310202	116
134780202	101
21250202	153
52010202	106
104070202	165
115150202	110
107550202	114
118630202	102
100790202	176
111870202	135
116150202	113
12900202	105
118380202	106
87230202	174
91550202	110
21500202	102
114400202	104
93780202	108
98060202	115
117630202	127
45640202	101
108780202	132
117380202	116
75150202	120
86230202	103
78630202	138
89710202	104
26010202	104
41410202	113
99540202	126
54720202	103
115380202	102
55720202	105
54470202	115
103800202	110
120000202	104
101320202	171
98540202	150
17410202	110
96060202	101
53720202	118
101070202	129
[maxMainQuestId==============0]	4857
28240202	126
39320202	115
114380202	138
106780202	101
102800202	127
66780202	151
30810202	134
100320202	126
97540202	110
48400202	103
95060202	106
99770202	181
97290202	119
61320202	174
60070202	101
59230202	112
29470202	107
116860202	134
49150202	139
87940202	105
110400202	105
101550202	133
112630202	110
98770202	128
39800202	108
109310202	108
31790202	103
131060202	120
9450202	104
92310202	125
51470202	105
17390202	157
107310202	117
35320202	119
46400202	119
52950202	127
135770202	105
74860202	112
49380202	118
96770202	107
37800202	127
108540202	138
110380202	102
108290202	102
11410202	109
78140202	112
107540202	175
118620202	135
100780202	166
111860202	114
16870202	120
105060202	142
27950202	112
44150202	101
[getQuestId================0]	4857
104310202	117
43400202	109
25950202	114
106540202	154
110860202	111
120690202	152
104060202	126
115140202	126
106290202	128
97300202	187
109770202	162
22720202	104
102060202	101
103060202	116
114140202	112
35780202	104
116370202	136
66540202	105
101310202	163
98530202	107
26000202	117
101060202	106
112140202	120
99530202	138
98280202	167
104540202	131
115620202	162
128680202	103
97530202	143
102540202	267
113620202	131
22950202	106
100060202	119
114620202	118
102290202	133
85700202	127
44860202	118
114370202	111
49140202	113
135280202	117
66770202	189
101540202	119
110140202	134
101290202	119
123450202	154
104770202	164
109050202	105
37060202	131
137760202	151
76850202	124
97760202	115
113850202	121
25230202	102
100290202	139
111370202	125
103770202	144
114850202	117
31780202	117
108050202	136
8190202	106
12150202	118
121700202	120
96760202	156
safe_memcpy	4586
107300202	194
106050202	140
34060202	101
56220202	107
15380202	151
102770202	143
82700202	103
48620202	164
81450202	121
95760202	136
25710202	108
100770202	135
111850202	134
127210202	109
108530202	131
119610202	109
9920202	114
118360202	119
61770202	107
79610202	108
77130202	110
12630202	104
47370202	106
136990202	118
115130202	109
106280202	162
90530202	108
109760202	136
[---------------------------------------]	8136
97040202	128
103300202	120
31310202	119
116610202	118
98040202	145
103050202	142
105280202	127
116360202	123
108760202	124
64050202	107
10630202	130
119590202	120
30310202	115
104530202	138
102050202	154
113130202	103
99270202	107
115360202	154
65530202	105
24690202	117
101300202	112
100050202	121
98520202	114
122210202	101
61300202	202
78590202	105
98270202	121
103280202	111
116590202	154
85440202	101
110130202	128
112360202	101
99750202	114
104760202	141
115840202	131
32770202	145
113360202	122
106990202	125
115590202	102
137750202	117
95520202	148
100530202	135
SendUpdateUserinfoBatch	413
101530202	111
100280202	137
98750202	152
103760202	103
19850202	104
122190202	118
85670202	110
94270202	121
45130202	134
109520202	374
113840202	101
26450202	106
99980202	160
52930202	160
8430202	103
62760202	139
104990202	105
121190202	101
109270202	123
113590202	104
59440202	152
11140202	136
73590202	115
14620202	106
23220202	105
34300202	120
27930202	146
108520202	136
112840202	102
111590202	114
28930202	117
49840202	118
108270202	143
9660202	113
81440202	103
104040202	113
118600202	110
35530202	108
90520202	128
109750202	116
71840202	128
71590202	117
98030202	125
68270202	104
25930202	110
100990202	133
42130202	108
105270202	122
45610202	127
108750202	120
117350202	163
119580202	141
99510202	149
104520202	101
115600202	103
21450202	174
97030202	110
113120202	131
104270202	121
109980202	114
85200202	138
37990202	143
54190202	117
65270202	215
91750202	137
103520202	158
114600202	121
101040202	117
98260202	128
17130202	159
31280202	109
117830202	108
23680202	112
110120202	128
45590202	104
102520202	107
26210202	114
100040202	129
21680202	103
113350202	112
105750202	140
115580202	121
35990202	149
67980202	104
96510202	173
101520202	120
87660202	134
98740202	129
19840202	101
108030202	119
101270202	102
51440202	118
73600202	125
[爆裂睿哥]AddQuestMain	761
114580202	136
86910202	126
69030202	107
100520202	153
24210202	137
97740202	101
121430202	126
30760202	114
99970202	131
52920202	144
109260202	146
14610202	123
82180202	101
95490202	155
108510202	130
9900202	131
98970202	142
106030202	128
117110202	241
SendPushEndGameBatch	315
103980202	142
31990202	101
108260202	129
9650202	110
112580202	167
119090202	128
99020202	110
73580202	109
54200202	147
100750202	138
111830202	108
110580202	137
102980202	131
130260202	113
24190202	113
46350202	109
71580202	109
10130202	141
108740202	114
79090202	101
101980202	136
36750202	169
47830202	107
106260202	116
117340202	174
92740202	193
24920202	121
107740202	125
35750202	165
121890202	120
55430202	124
19600202	113
101030202	167
unpack	11528
112110202	133
76090202	184
98250202	125
20190202	115
42350202	107
53430202	108
19350202	588
34750202	121
45830202	112
104260202	131
108970202	119
114090202	117
97500202	136
100030202	156
97250202	105
receive	6615
60030202	116
102260202	123
54660202	120
29180202	102
96500202	133
101510202	157
98730202	112
108020202	121
98480202	154
10590202	171
28430202	124
103490202	134
109020202	103
106970202	132
112090202	123
104490202	116
39260202	133
128880202	138
67970202	110
73090202	123
84170202	102
99960202	121
107020202	101
100260202	180
111340202	127
85900202	103
111090202	124
12120202	114
36510202	110
49090202	110
106020202	132
101490202	171
[斯蒂尔托马斯]AddQuestMain	102
104970202	111
13600202	121
62490202	106
107500202	124
116100202	109
107250202	156
50660202	135
103970202	111
72820202	101
59650202	115
77100202	104
9640202	104
98010202	127
91250202	115
38490202	125
106500202	113
110820202	136
34510202	114
96960202	140
47820202	145
110570202	140
45340202	111
67500202	116
15580202	141
108480202	130
92730202	117
117080202	109
132480202	106
56170202	105
20200202	116
109480202	143
102020202	204
18110202	143
105500202	129
35740202	101
107480202	140
96010202	113
not	118
12830202	125
9870202	104
104500202	131
117810202	127
77080202	118
99240202	138
73100202	118
43340202	120
81880202	107
76330202	108
100020202	145
103500202	148
16110202	121
89640202	120
63500202	127
105730202	127
116810202	124
11580202	132
33740202	130
114330202	128
105480202	146
116560202	122
120880202	101
96240202	108
112330202	124
99720202	125
98470202	136
28420202	134
21660202	141
109010202	101
106960202	107
34970202	107
112080202	125
0x5f	10799
99470202	137
123160202	108
92010202	129
84410202	110
100500202	125
86640202	108
67960202	118
73080202	124
95240202	104
41820202	116
65480202	110
100250202	124
111330202	126
86390202	118
97470202	164
61500202	118
78790202	110
error	264
113560202	126
105960202	127
114560202	543
play	12993
112810202	111
83160202	105
106010202	138
110330202	127
101480202	126
104960202	109
73810202	115
110080202	121
121160202	141
109240202	129
60250202	110
102480202	133
37250202	121
8150202	102
115790202	122
48080202	104
97950202	101
35250202	108
16570202	119
103960202	123
108240202	130
119320202	126
80160202	104
49560202	120
119070202	109
99000202	136
26900202	108
101960202	141
106240202	128
117320202	114
110560202	144
45330202	132
109720202	132
37730202	121
112790202	219
107240202	1014
73790202	112
14820202	111
Post	1317
100960202	160
19100202	104
44330202	114
55410202	118
cells:12389166,	323
46560202	102
50880202	103
58640202	152
21420202	106
68470202	125
12570202	104
21170202	137
107720202	114
13570202	101
46810202	121
117550202	114
90720202	101
109950202	132
107470202	109
118550202	123
76320202	111
97230202	112
101010202	111
116800202	109
98230202	105
114320202	112
19330202	101
63240202	105
108950202	121
77800202	101
19080202	101
75320202	118
86400202	118
15100202	107
99710202	118
102240202	166
113320202	141
34960202	139
99460202	136
123150202	102
29410202	104
40080202	120
17080202	151
62240202	112
115550202	166
43560202	124
107950202	134
45790202	123
114800202	129
108000202	145
101240202	134
105950202	108
133230202	119
27160202	115
9140202	104
69000202	104
83150202	103
64470202	103
102720202	104
99940202	142
Login	2279
51640202	147
104950202	131
86380202	129
90000202	128
109230202	143
113550202	120
37240202	110
99690202	153
18560202	103
39470202	120
48070202	118
105000202	131
29390202	113
111550202	121
98940202	207
17810202	142
133710202	103
20880202	123
120150202	175
119310202	120
47320202	177
98690202	181
9370202	113
92230202	115
85860202	116
96940202	127
121630202	131
102950202	119
59630202	121
[吃货菟]AddQuestMain	1163
8370202	101
46070202	129
93460202	137
105230202	115
22160202	127
120630202	102
55400202	105
101950202	142
116060202	165
117060202	121
21410202	122
119290202	107
99220202	133
104230202	114
10080202	103
115310202	101
21160202	102
43320202	106
13560202	112
46800202	101
90710202	169
60950202	112
115060202	110
current	12995
12810202	104
59860202	113
101000202	147
118290202	105
98220202	161
42320202	135
120860202	101
106460202	121
117540202	209
116290202	120
56630202	103
SendAnnouceDataAck	12935
55380202	116
77540202	104
99700202	127
100000202	119
128370202	105
43800202	105
102230202	129
113310202	130
18320202	101
115540202	116
130940202	117
54630202	117
107940202	166
113060202	135
105460202	152
29150202	111
115290202	112
107690202	125
118770202	102
68940202	143
96220202	117
19800202	106
101230202	254
112310202	154
98450202	156
103460202	120
114540202	131
112060202	118
123140202	124
51150202	105
62230202	183
[新新]AddQuestMain	212
77770202	121
111310202	111
32950202	115
97450202	107
102460202	145
99680202	128
104690202	118
65940202	131
113290202	155
105690202	107
85620202	134
96700202	105
[牙牙]AddQuestMain	7344
101710202	123
101460202	161
112540202	121
70310202	101
98680202	108
114770202	120
83620202	113
119050202	114
9360202	170
112290202	122
92220202	3694
49290202	128
16800202	155
118300202	120
13070202	137
111540202	147
8610202	122
35230202	135
16550202	114
109450202	103
102690202	266
48540202	105
118050202	119
111290202	116
46060202	201
27380202	106
101940202	138
106220202	107
110540202	145
45310202	105
96680202	150
108450202	115
77300202	103
112770202	107
9840202	103
[流逆南希列得]AddQuestMain	111
HandleBackLoginByOpenId	28556
9590202	147
11320202	115
107700202	130
100940202	137
24630202	117
132930202	122
105220202	137
33230202	129
111770202	158
35460202	118
109680202	124
48770202	158
no	181222
118280202	108
98210202	109
114300202	109
Task	4202
106700202	120
108930202	160
114050202	113
106450202	139
23380202	108
90700202	112
109930202	114
70770202	108
36690202	104
117280202	115
45290202	124
102220202	128
99440202	3647
18310202	109
22630202	101
65700202	106
107930202	120
99190202	104
105450202	120
29140202	104
66700202	106
[菲利]AddQuestMain	7119
87610202	117
[剑雨灬秋天]AddQuestMain	798
85130202	121
77530202	105
112300202	127
NotifySessionCount:	29193
21630202	102
103450202	228
114530202	120
125610202	103
106930202	122
23860202	117
112050202	120
98190202	128
117760202	118
75530202	121
102700202	149
LogoutPlayer	5521
100220202	112
128590202	105
102450202	103
30460202	107
SetGuildMember	10445
8120202	111
65680202	117
74280202	110
31940202	101
[李罗杰]AddQuestMain	106
112530202	114
70300202	104
40540202	122
104930202	116
10780202	102
103680202	196
114760202	130
15060202	108
119040202	149
112280202	107
HandlePushEndGameBatchResp	315
17290202	178
115760202	125
125590202	115
100700202	124
64680202	118
97920202	128
102930202	143
107210202	125
pack	11528
unpack	11528
