   4720 100000
   1049 1000002
   1049 1000003
   1046 1000005
   4658 100002
   3627 10100007
   3506 10200001
   3473 10300000
   3463 10300002
   1298 10600000
   1291 10600001
   4147 10800000
   2094 109
   2094 10900006
   1774 110
   2014 11000000
   1962 11000002
   1913 11000004
    751 1100002
    753 1100003
    747 1100005
   3431 111
   3435 11100001
    873 1200002
    872 1200003
    863 1200005
    535 1300002
    535 1300003
    529 1300005
   3409 2300001
   3328 2300006
   3321 2300007
   3203 2400000
   3200 2400001
   3085 2400005
    226 2600000
    328 2700000
    328 2700001
     94 2800000
     93 2800001
    803 2900000
    803 2900001
   4434 300000
    608 3000000
    607 3000001
    633 3100000
    630 3100001
    412 3200000
    412 3200001
   4387 400000
   4344 400002
   4324 400003
   1521 400700004
    555 400800000
    476 400900000
    575 400900001
    490 401000000
    377 401000002
    475 401100000
    301 401100002
    227 401700000
    215 401700001
    213 401700002
   3569 403500003
   3555 403500005
   3467 403500008
   2710 4036
   2921 403600000
   2658 4037
   2824 403700000
     71 404700000
     71 404700001
    419 404800000
    394 404800001
    379 404800002
      1 412400000
      1 412500000
      1 412600000
      1 412700000
      1 412700001
      1 412700002
      1 412800000
      1 412800001
   2126 414700000
   1663 414700001
   1509 414800000
   1785 414800001
   1776 414800003
   1748 415200000
   1686 415200001
   1678 415200002
   1555 415200004
   1542 415200005
   1460 415200007
   1450 415200008
   1415 415200010
   1364 415200011
   1357 415200012
   1341 415200013
   1349 415300000
   1577 415300002
   1073 415300005
   1064 415300012
    907 415300014
    870 415300015
    968 415300016
      1 416100000
      1 416100003
      1 416100008
      1 416100009
      1 416100010
      1 416100012
      1 416100015
    677 419300000
    504 419600000
    618 419600001
    442 419600003
    371 419600007
    181 419700000
    157 419700001
   1766 419800000
   1875 419800001
   4293 500000
      5 5500002
      5 5500004
      4 5600000
    404 600002
    115 600003
   1079 600004
    763 600005
    884 600006
    551 600007
      2 6001
      2 6002
     33 6003
    309 700003
    308 700005
    390 800002
    390 800003
    387 800005
    112 900002
    111 900003
    111 900005
     19 96102000
     19 96102001
     19 96102002
     19 96102003
     19 96102004
     19 96102005
     18 96102006
     19 96102007
     19 96102008
     19 96102009
     19 96102010
      5 96105000
      5 96105001
      5 96105002
      5 96105003
      4 96105004
      2 96105005
      2 96105006
      2 96105007
      2 96105008
     20 96106000
     10 96106002
      6 96106003
      6 96106004
